4 0.19921875 0.66953125 0.18515625 0.1515625
4 0.45625 0.69140625 0.18828125 0.16484375
4 0.2203125 0.7578125 0.215625 0.20078125
4 0.609375 0.43828125 0.06875 0.0546875
4 0.56953125 0.4453125 0.07265625 0.05625
4 0.43515625 0.44609375 0.06328125 0.05625
4 0.53515625 0.4578125 0.07578125 0.0625
4 0.48515625 0.46953125 0.0734375 0.065625
4 0.953125 0.49453125 0.09375 0.0578125
4 0.478125 0.51796875 0.1078125 0.0796875
4 0.1828125 0.60703125 0.159375 0.121875
4 0.396875 0.62421875 0.1640625 0.134375
