3 0.368359 0.734722 0.086719 0.155556
1 0.692187 0.545139 0.045312 0.065278
1 0.764453 0.759028 0.082031 0.134722
1 0.239844 0.759722 0.090625 0.113889
1 0.167187 0.713889 0.078125 0.119444
1 0.338672 0.579861 0.049219 0.062500
1 0.433594 0.522222 0.031250 0.047222
1 0.379297 0.447222 0.025781 0.036111
1 0.414062 0.454861 0.023438 0.031944
1 0.451562 0.455556 0.020313 0.030556
1 0.533594 0.404861 0.014063 0.023611
1 0.401172 0.416667 0.021094 0.030556
1 0.425000 0.394444 0.015625 0.019444
1 0.437109 0.409722 0.016406 0.022222
1 0.457422 0.434028 0.016406 0.023611
1 0.463672 0.411111 0.017969 0.025000
1 0.614844 0.517361 0.035937 0.056944
1 0.615234 0.449306 0.022656 0.034722
3 0.831641 0.684028 0.099219 0.143056
4 0.786719 0.621528 0.054688 0.109722
3 0.569531 0.417361 0.025000 0.051389
4 0.070703 0.782639 0.139844 0.231944
1 0.475391 0.387500 0.013281 0.019444
1 0.548438 0.383333 0.012500 0.019444
1 0.523828 0.372917 0.010156 0.012500
1 0.577344 0.398611 0.015625 0.022222
1 0.561719 0.377778 0.012500 0.016667
1 0.552344 0.368056 0.010937 0.013889
3 0.450781 0.388194 0.014063 0.020833
1 0.440234 0.377083 0.010156 0.015278
